                     CLIMATOLOGICAL SUMMARY for year 2022


NAME: Bariloche                  
ELEV: 800 meters    LAT: 00-00.00 N    LONG: 000-00.00 E


                                       TEMPERATURE (C)

                              HEAT    COOL                              MAX    MAX    MIN    MIN
          MEAN   MEAN         DEG     DEG                                >=     <=     <=     <=
 YR  MO   MAX    MIN    MEAN  DAYS    DAYS      HI  DAY     LOW  DAY     30      0      0    -20
------------------------------------------------------------------------------------------------
2022 01
2022 02
2022 03
2022 04
2022 05
2022 06
2022 07
2022 08
2022 09   11.0    5.0    6.7   21.6    0.0    13.9   29     3.2   30      0      0      0      0
2022 10    7.4    0.6    3.8  445.0    0.0    14.2   18    -6.2   13      0      1     14      0
2022 11   13.9    7.7   10.8  211.0    3.6    24.7   27     1.2   20      0      0      0      0
2022 12   12.6    6.2    9.9  258.6    0.0    20.3   25    -0.6   23      0      0      1      0
------------------------------------------------------------------------------------------------
          11.2    4.7    7.7  936.2    3.6    24.7  Nov    -6.2  Oct      0      1     15      0


                  PRECIPITATION (cm)

                  MAX         ---DAYS OF RAIN---
                  OBS.               OVER
 YR  MO  TOTAL    DAY  DATE   0.03   0.30   3.00
------------------------------------------------
2022 01
2022 02
2022 03
2022 04
2022 05
2022 06
2022 07
2022 08
2022 09   0.00   0.00    29      0      0      0
2022 10   6.48   1.60    26     16      8      0
2022 11   2.34   0.84    11      4      3      0
2022 12   4.78   3.73    07      8      1      1
------------------------------------------------
         13.59   3.73   Dec     28     12      1


           WIND SPEED (km/h)

                                DOM
 YR  MO    AVG     HI   DATE    DIR
-----------------------------------
2022 01
2022 02
2022 03
2022 04
2022 05
2022 06
2022 07
2022 08
2022 09    9.9   43.5     29    219
2022 10   10.7   82.1     28    199
2022 11    8.2   53.1     23     63
2022 12   10.4   74.0     29     75
-----------------------------------
           9.9   82.1    Oct    131
