                   MONTHLY CLIMATOLOGICAL SUMMARY for Dec 2022


NAME: Bariloche                  
ELEV: 800 meters    LAT: 00-00.00 N    LONG: 000-00.00 E


                   TEMPERATURE (C), RAIN (cm), WIND SPEED (km/h)

                                         HEAT   COOL         AVG
      MEAN                               DEG    DEG          WIND                   DOM
DAY   TEMP   HIGH   TIME    LOW   TIME   DAYS   DAYS   RAIN  SPEED   HIGH   TIME    DIR
---------------------------------------------------------------------------------------
 01   12.1   15.8  15:19    8.7  23:21    6.2    0.0   0.00   10.2   51.5  20:42     30
 02    9.2   12.1  08:20    6.8  23:43    9.2    0.0   0.15    9.2   61.2  11:45    124
 03    6.3    8.3  11:52    4.4  23:53   12.1    0.0   0.05   13.5   62.8  19:52    103
 04    8.0   11.2  12:31    4.2  00:22   10.3    0.0   0.00   11.7   40.2  00:22     98
 05    8.4   12.2  13:11    5.8  18:59   10.0    0.0   0.05   10.4   51.5  15:35     43
 06    8.1   10.1  16:10    4.8  08:55   10.2    0.0   0.13   10.8   51.5  23:23     44
 07    7.1    8.3  06:10    6.2  09:05   11.3    0.0   3.73   14.8   69.2  06:10     61
 08    7.0    8.2  17:25    5.1  09:41   11.3    0.0   0.03   12.5   56.3  21:34     82
 09    5.9    7.3  00:09    4.8  13:34   12.4    0.0   0.28   10.9   48.3  10:22     92
 10    7.4    9.9  15:03    4.6  09:17   11.0    0.0   0.00    9.4   43.5  13:29     54
 11    4.7    6.7  14:52    2.6  00:00   13.6    0.0   0.03    9.1   33.8  09:08    103
 12    4.5    8.2  13:43    0.8  04:30   13.9    0.0   0.05   11.2   51.5  18:58    125
 13   10.1   13.6  15:32    5.6  00:01    8.2    0.0   0.00    9.2   45.1  23:29     98
 14    6.8    9.3  16:41    4.8  11:27   11.6    0.0   0.00    9.6   56.3  02:00     49
 15   11.0   17.5  17:45    4.8  04:10    7.3    0.0   0.00    6.4   37.0  02:11    333
 16   16.4   20.0  16:08   12.4  08:17    1.9    0.0   0.00    9.1   53.1  20:06     62
 17   11.4   14.7  14:15    8.1  23:20    6.9    0.0   0.00   10.5   46.7  18:11    132
 18   12.2   15.7  14:42    7.4  01:16    6.1    0.0   0.00   10.9   38.6  16:49    137
 19   14.9   17.5  15:56   10.3  23:34    3.5    0.0   0.00    9.0   51.5  17:54     29
 20    9.9   11.4  14:29    8.7  16:35    8.5    0.0   0.00   10.2   48.3  16:17     24
 21
 22    2.9    4.8  11:39    0.7  21:59   15.4    0.0   0.28   11.8   46.7  08:53    110
 23    0.6    1.1  00:06   -0.6  05:45   17.8    0.0   0.00    5.9   24.1  00:41    351
 24   12.5   15.6  14:45    4.2  05:53    5.8    0.0   0.00    9.9   35.4  08:06     11
 25   17.0   20.3  11:41   12.3  03:24    1.4    0.0   0.00    9.2   32.2  08:20    322
 26   18.1   18.6  00:29   16.5  06:06    0.2    0.0   0.00    9.3   19.3  01:03    247
 27    9.6   12.7  12:27    5.4  21:12    8.8    0.0   0.00   10.3   56.3  11:29    110
 28   11.5   16.3  15:00    2.9  05:53    6.8    0.0   0.00    9.4   41.8  23:30    226
 29   14.4   18.3  09:09    9.2  19:23    3.9    0.0   0.00   12.9   74.0  23:15    164
 30   11.9   15.2  01:13    9.8  07:00    6.5    0.0   0.00    9.1   59.5  01:20     11
 31   11.7   17.8  10:18    4.0  20:03    6.6    0.0   0.00   12.8   49.9  20:46     41
---------------------------------------------------------------------------------------
       9.9   20.3     25   -0.6     23  258.6    0.0   4.78   10.4   74.0     29     75
